0.348299	0.348299	1
0.789478	0.789478	2
1.230658	1.230658	3
1.648617	1.648617	4
2.078186	2.078186	1
2.496145	2.496145	2
2.925714	2.925714	3
3.355283	3.355283	4
3.773243	3.773243	1
4.202812	4.202812	2
4.609161	4.609161	3
5.038730	5.038730	4
5.468299	5.468299	1
5.897868	5.897868	2
6.339048	6.339048	3
6.768617	6.768617	4
7.209796	7.209796	1
7.604535	7.604535	2
8.022494	8.022494	3
8.440454	8.440454	4
8.858413	8.858413	1
9.276372	9.276372	2
9.694331	9.694331	3
10.112290	10.112290	4
10.541859	10.541859	1
10.971429	10.971429	2
11.412608	11.412608	3
11.807347	11.807347	4
12.225306	12.225306	1
12.643265	12.643265	2
13.061224	13.061224	3
13.479184	13.479184	4
13.920363	13.920363	1
14.326712	14.326712	2
14.744671	14.744671	3
15.151020	15.151020	4
15.568980	15.568980	1
15.986939	15.986939	2
16.416508	16.416508	3
16.834467	16.834467	4
17.264036	17.264036	1
17.681995	17.681995	2
18.099955	18.099955	3
18.494694	18.494694	4
18.912653	18.912653	1
19.330612	19.330612	2
19.748571	19.748571	3
20.166531	20.166531	4
20.584490	20.584490	1
21.002449	21.002449	2
21.408798	21.408798	3
21.826757	21.826757	4
22.233107	22.233107	1
22.662676	22.662676	2
23.080635	23.080635	3
23.498594	23.498594	4
23.916553	23.916553	1
24.334512	24.334512	2
24.752472	24.752472	3
25.182041	25.182041	4
25.588390	25.588390	1
25.994739	25.994739	2
26.424308	26.424308	3
26.842268	26.842268	4
27.271837	27.271837	1
27.689796	27.689796	2
28.107755	28.107755	3
28.525714	28.525714	4
28.955283	28.955283	1
29.373243	29.373243	2
29.802812	29.802812	3
30.209161	30.209161	4
30.638730	30.638730	1
31.056689	31.056689	2
31.474649	31.474649	3
31.904218	31.904218	4
32.333787	32.333787	1
32.751746	32.751746	2
33.169705	33.169705	3
33.599274	33.599274	4
34.040454	34.040454	1
34.470023	34.470023	2
34.887982	34.887982	3
35.294331	35.294331	4
35.712290	35.712290	1
36.130249	36.130249	2
36.548209	36.548209	3
36.977778	36.977778	4
37.384127	37.384127	1
37.790476	37.790476	2
38.208435	38.208435	3
38.614785	38.614785	4
39.021134	39.021134	1
39.439093	39.439093	2
39.857052	39.857052	3
40.286621	40.286621	4
40.739410	40.739410	1
41.168980	41.168980	2
41.575329	41.575329	3
41.993288	41.993288	4
42.411247	42.411247	1
42.817596	42.817596	2
43.247166	43.247166	3
43.665125	43.665125	4
44.094694	44.094694	1
44.524263	44.524263	2
44.953832	44.953832	3
45.383401	45.383401	4
45.812971	45.812971	1
46.230930	46.230930	2
46.660499	46.660499	3
47.078458	47.078458	4
47.508027	47.508027	1
47.925986	47.925986	2
48.332336	48.332336	3
48.750295	48.750295	4
49.179864	49.179864	1
49.597823	49.597823	2
50.015782	50.015782	3
50.422132	50.422132	4
50.851701	50.851701	1
51.281270	51.281270	2
51.710839	51.710839	3
52.117188	52.117188	4
52.546757	52.546757	1
52.964717	52.964717	2
53.394286	53.394286	3
53.823855	53.823855	4
54.253424	54.253424	1
54.671383	54.671383	2
55.089342	55.089342	3
55.507302	55.507302	4
55.913651	55.913651	1
56.320000	56.320000	2
56.737959	56.737959	3
57.144308	57.144308	4
57.573878	57.573878	1
57.991837	57.991837	2
58.433016	58.433016	3
58.850975	58.850975	4
59.280544	59.280544	1
59.698503	59.698503	2
60.128073	60.128073	3
60.522812	60.522812	4
60.940771	60.940771	1
61.381950	61.381950	2
61.811519	61.811519	3
62.241088	62.241088	4
62.659048	62.659048	1
63.088617	63.088617	2
63.506576	63.506576	3
63.947755	63.947755	4
64.377324	64.377324	1
64.783673	64.783673	2
65.201633	65.201633	3
65.631202	65.631202	4
66.060771	66.060771	1
66.490340	66.490340	2
66.919909	66.919909	3
67.349478	67.349478	4
67.779048	67.779048	1
68.208617	68.208617	2
68.614966	68.614966	3
69.044535	69.044535	4
69.474104	69.474104	1
69.892063	69.892063	2
70.321633	70.321633	3
70.739592	70.739592	4
71.157551	71.157551	1
71.575510	71.575510	2
72.005079	72.005079	3
72.423039	72.423039	4
72.852608	72.852608	1
73.270567	73.270567	2
73.676916	73.676916	3
74.094875	74.094875	4
74.536054	74.536054	1
74.965624	74.965624	2
75.406803	75.406803	3
75.824762	75.824762	4
76.242721	76.242721	1
76.660680	76.660680	2
77.078639	77.078639	3
77.519819	77.519819	4
77.949388	77.949388	1
78.355737	78.355737	2
78.773696	78.773696	3
79.191655	79.191655	4
79.609615	79.609615	1
80.027574	80.027574	2
80.445533	80.445533	3
80.863492	80.863492	4
81.293061	81.293061	1
81.711020	81.711020	2
82.128980	82.128980	3
82.558549	82.558549	4
82.988118	82.988118	1
83.406077	83.406077	2
83.824036	83.824036	3
84.253605	84.253605	4
84.683175	84.683175	1
85.112744	85.112744	2
85.519093	85.519093	3
85.937052	85.937052	4
86.366621	86.366621	1
86.784580	86.784580	2
87.214150	87.214150	3
87.643719	87.643719	4
88.061678	88.061678	1
88.491247	88.491247	2
88.909206	88.909206	3
89.303946	89.303946	4
89.710295	89.710295	1
90.116644	90.116644	2
90.534603	90.534603	3
90.952562	90.952562	4
91.382132	91.382132	1
91.811701	91.811701	2
92.218050	92.218050	3
92.624399	92.624399	4
93.042358	93.042358	1
93.448707	93.448707	2
93.866667	93.866667	3
94.284626	94.284626	4
94.725805	94.725805	1
95.155374	95.155374	2
95.584943	95.584943	3
96.002902	96.002902	4
96.432472	96.432472	1
96.850431	96.850431	2
97.280000	97.280000	3
97.686349	97.686349	4
98.127528	98.127528	1
98.545488	98.545488	2
98.963447	98.963447	3
99.393016	99.393016	4
99.822585	99.822585	1
100.252154	100.252154	2
100.670113	100.670113	3
101.088073	101.088073	4
101.517642	101.517642	1
101.935601	101.935601	2
102.353560	102.353560	3
102.783129	102.783129	4
103.201088	103.201088	1
103.619048	103.619048	2
104.037007	104.037007	3
104.454966	104.454966	4
104.884535	104.884535	1
105.302494	105.302494	2
105.720454	105.720454	3
106.138413	106.138413	4
106.567982	106.567982	1
106.997551	106.997551	2
107.415510	107.415510	3
107.833469	107.833469	4
108.263039	108.263039	1
108.680998	108.680998	2
109.110567	109.110567	3
109.528526	109.528526	4
109.946485	109.946485	1
110.364444	110.364444	2
110.782404	110.782404	3
111.211973	111.211973	4
111.641542	111.641542	1
112.059501	112.059501	2
112.489070	112.489070	3
112.907029	112.907029	4
113.324989	113.324989	1
113.731338	113.731338	2
114.149297	114.149297	3
114.555646	114.555646	4
114.950385	114.950385	1
115.368345	115.368345	2
115.763084	115.763084	3
116.181043	116.181043	4
116.599002	116.599002	1
117.016961	117.016961	2
117.423311	117.423311	3
117.829660	117.829660	4
118.247619	118.247619	1
118.653968	118.653968	2
119.071927	119.071927	3
119.489887	119.489887	4
119.907846	119.907846	1
120.314195	120.314195	2
120.720544	120.720544	3
121.126893	121.126893	4
121.533243	121.533243	1
121.939592	121.939592	2
122.345941	122.345941	3
122.752290	122.752290	4
